-1 -1
-1 -1
-0.959596 -0.917074
-0.919192 -0.830146
-0.878788 -0.739569
-0.838384 -0.645694
-0.79798 -0.548872
-0.757576 -0.449456
-0.717172 -0.347798
-0.676768 -0.244249
-0.636364 -0.13916
-0.59596 -0.0328846
-0.555556  0.0742265
-0.515152  0.181821
-0.474747  0.289548
-0.434343  0.397055
-0.393939  0.50399
-0.353535  0.610002
-0.313131  0.714738
-0.272727  0.817848
-0.232323  0.918979
-0.191919  1.01778
-0.151515  1.1139
-0.111111  1.20698
-0.0707071  1.29668
-0.030303  1.38264
0.010101  1.46451
0.0505051  1.54194
0.0909091  1.61458
0.131313  1.68207
0.171717  1.74406
0.212121  1.80021
0.252525  1.85016
0.292929  1.89355
0.333333  1.93004
0.373737  1.95928
0.414141  1.9809
0.454545  1.99457
0.494949  1.99993
0.5  2
0.535354  1.99508
0.575758  1.97782
0.616162  1.94881
0.656566  1.90877
0.69697  1.8584
0.737374  1.79839
0.777778  1.72946
0.818182  1.65231
0.858586  1.56764
0.89899  1.47615
0.939394  1.37855
0.979798  1.27554
1.0202  1.16782
1.06061  1.0561
1.10101  0.94109
1.14141  0.823481
1.18182  0.703982
1.22222  0.583295
1.26263  0.462125
1.30303  0.341174
1.34343  0.221147
1.38384  0.102747
1.42424 -0.0133227
1.46465 -0.126358
1.50505 -0.235656
1.54545 -0.340513
1.58586 -0.440224
1.62626 -0.534088
1.66667 -0.621399
1.70707 -0.701455
1.74747 -0.773552
1.78788 -0.836986
1.82828 -0.891054
1.86869 -0.935053
1.90909 -0.968278
1.94949 -0.990026
1.9899 -0.999594
2 -1
2.0303 -0.992765
2.07071 -0.961418
2.11111 -0.906722
2.15152 -0.830259
2.19192 -0.733612
2.23232 -0.618365
2.27273 -0.486101
2.31313 -0.338402
2.35354 -0.176852
2.39394 -0.00303309
2.43434  0.181471
2.47475  0.375077
2.51515  0.576203
2.55556  0.783265
2.59596  0.99468
2.63636  1.20887
2.67677  1.42424
2.71717  1.63922
2.75758  1.85221
2.79798  2.06165
2.83838  2.26594
2.87879  2.46351
2.91919  2.65276
2.9596  2.83212
2.9798  2.91759
3  3
